1760790235917 0.0454 0
1760790244174 0.05204 1
1760790251463 0.06325 2
1760790435599 0.0398 0
1760790445112 0.03317 1
1760790453212 0.06188 2
1760790461304 0.07846 3
1760790469239 0.13094 4
1760790477352 0.23725 5
1760790485277 0.10161 6
1760790493489 0.26488 7
1760790501402 0.24809 8
1760790509421 0.23016 9
1760790517324 0.23759 10
1760790525124 0.25206 11
1760790532976 0.31283 12
1760790540779 0.34348 13
1760790548708 0.34772 14
1760790556522 0.25686 15
1760790564612 0.31272 16
1760790572541 0.31272 17
1760790580551 0.45408 18
1760790589659 0.48252 19
1760790597603 0.48252 20
1760790605773 0.53212 21
1760790613859 0.52976 22
1760790621985 0.52976 23
1760790630185 0.55342 24
1760790638205 0.53369 25
1760790646289 0.53369 26
1760790654357 0.53996 27
1760790662704 0.56638 28
1760790670744 0.56638 29
1760790679077 0.558 30
1760790687265 0.558 31
1760790695638 0.7005 32
1760790704165 0.7005 33
1760790712298 0.71708 34
1760790720268 0.71708 35
1760790728640 0.72853 36
1760790736897 0.72853 37
1760790745079 0.77232 38
1760790753069 0.77232 39
1760790761022 0.77232 40
1760790769144 0.86412 41
1760790777244 0.86412 42
1760790785652 0.87874 43
1760790793788 0.87874 44
1760790801817 0.87874 45
1760790809855 0.9113 46
1760790818059 0.9113 47
1760790826170 0.95743 48
1760790834321 0.95743 49
1760790842382 0.95743 50
1760790850636 0.987 51
1760790858827 0.987 52
1760790867463 0.97867 53
1760790875495 0.97867 54
1760790883652 0.97867 55
1760790891856 0.97867 56
1760790899864 0.97867 57
1760790908002 0.99043 58
1760790916075 0.99043 59
1760790925760 0.99043 60
1760790934725 0.99043 61
1760790944952 0.99043 62
1760790955180 0.96403 63
1760790963617 0.96403 64
1760790971617 0.96403 65
1760790979728 0.92443 66
1760790987700 0.92443 67
1760790995533 0.91833 68
1760791003441 0.91833 69
1760791011262 0.91833 70
1760791019115 0.8964 71
1760791027308 0.8964 72
1760791035548 0.9558 73
1760791044399 0.9558 74
1760791052123 0.9558 75
1760791060093 0.98433 76
1760791067810 0.98433 77
1760791075654 0.987 78
1760791086070 0.987 79
1760791097903 0.987 80
1760791111395 0.98557 81
1760791121682 0.98557 82
1760791130647 0.98557 83
1760791139519 0.98557 84
1760791148631 0.98557 85
1760791158632 0.995 86
1760791166686 0.995 87
1760791174711 0.995 88
1760791182402 0.995 89
1760791190547 0.995 90
1760791198209 0.995 91
1760791205916 0.995 92
1760791213683 0.99043 93
1760791221451 0.99043 94
1760791229680 0.99043 95
1760791237578 0.99043 96
1760791245279 0.99043 97
1760791253879 0.99043 98
1760791262508 0.99043 99
1760791270273 0.99043 100
1760791278410 0.99043 101
1760791286218 0.99043 102
1760791294153 0.99043 103
1760791301873 0.99043 104
1760791310100 0.99043 105
1760791317888 0.99043 106
1760791326443 0.99043 107
1760791334658 0.99043 108
1760791344191 0.99043 109
1760791354571 0.99043 110
1760791362880 0.99043 111
1760791370983 0.99043 112
1760791378729 0.99043 113
1760791386862 0.99043 114
1760791396382 0.99043 115
1760791403954 0.995 116
1760791411400 0.995 117
1760791419036 0.995 118
1760791427020 0.995 119
1760791435333 0.995 120
1760791443465 0.995 121
1760791452227 0.995 122
1760791460720 0.995 123
1760791469795 0.995 124
1760791477782 0.995 125
1760791486425 0.995 126
1760791494509 0.995 127
1760791503432 0.995 128
1760791511724 0.995 129
1760791519820 0.995 130
1760791527871 0.995 131
1760791536071 0.995 132
1760791544059 0.995 133
1760791552462 0.995 134
1760791560821 0.995 135
1760791569486 0.995 136
1760791577806 0.995 137
1760791586278 0.995 138
1760791595049 0.995 139
1760791604504 0.995 140
1760791618327 0.995 141
1760791628659 0.995 142
1760791637536 0.995 143
1760791645541 0.995 144
1760791653361 0.995 145
1760791661129 0.995 146
1760791669421 0.995 147
1760791677460 0.995 148
1760791685542 0.995 149
1760791688712 0.9949999999999999 149
