1760790235917 0.02776 0
1760790244174 0.02817 1
1760790251463 0.02764 2
1760790435599 0.02786 0
1760790445112 0.02653 1
1760790453212 0.03626 2
1760790461304 0.04876 3
1760790469239 0.09193 4
1760790477352 0.17644 5
1760790485277 0.06257 6
1760790493489 0.06614 7
1760790501402 0.10087 8
1760790509421 0.13288 9
1760790517324 0.12291 10
1760790525124 0.13514 11
1760790532976 0.26544 12
1760790540779 0.26688 13
1760790548708 0.24829 14
1760790556522 0.17757 15
1760790564612 0.21674 16
1760790572541 0.21674 17
1760790580551 0.33914 18
1760790589659 0.36739 19
1760790597603 0.36739 20
1760790605773 0.4078 21
1760790613859 0.41549 22
1760790621985 0.41549 23
1760790630185 0.44539 24
1760790638205 0.43266 25
1760790646289 0.43266 26
1760790654357 0.45326 27
1760790662704 0.47566 28
1760790670744 0.47566 29
1760790679077 0.45566 30
1760790687265 0.45566 31
1760790695638 0.56225 32
1760790704165 0.56225 33
1760790712298 0.61123 34
1760790720268 0.61123 35
1760790728640 0.61591 36
1760790736897 0.61591 37
1760790745079 0.64375 38
1760790753069 0.64375 39
1760790761022 0.64375 40
1760790769144 0.7182 41
1760790777244 0.7182 42
1760790785652 0.69175 43
1760790793788 0.69175 44
1760790801817 0.69175 45
1760790809855 0.74262 46
1760790818059 0.74262 47
1760790826170 0.78947 48
1760790834321 0.78947 49
1760790842382 0.78947 50
1760790850636 0.82029 51
1760790858827 0.82029 52
1760790867463 0.82644 53
1760790875495 0.82644 54
1760790883652 0.82644 55
1760790891856 0.82156 56
1760790899864 0.82156 57
1760790908002 0.83248 58
1760790916075 0.83248 59
1760790925760 0.83248 60
1760790934725 0.80066 61
1760790944952 0.80066 62
1760790955180 0.77315 63
1760790963617 0.77315 64
1760790971617 0.77315 65
1760790979728 0.72064 66
1760790987700 0.72064 67
1760790995533 0.69661 68
1760791003441 0.69661 69
1760791011262 0.69661 70
1760791019115 0.70194 71
1760791027308 0.70194 72
1760791035548 0.75325 73
1760791044399 0.75325 74
1760791052123 0.75325 75
1760791060093 0.81865 76
1760791067810 0.81865 77
1760791075654 0.85562 78
1760791086070 0.85562 79
1760791097903 0.85562 80
1760791111395 0.87401 81
1760791121682 0.87401 82
1760791130647 0.89082 83
1760791139519 0.89082 84
1760791148631 0.89082 85
1760791158632 0.88064 86
1760791166686 0.88064 87
1760791174711 0.85764 88
1760791182402 0.85764 89
1760791190547 0.85764 90
1760791198209 0.85127 91
1760791205916 0.85127 92
1760791213683 0.8475 93
1760791221451 0.8475 94
1760791229680 0.8475 95
1760791237578 0.8431 96
1760791245279 0.8431 97
1760791253879 0.84853 98
1760791262508 0.84853 99
1760791270273 0.84853 100
1760791278410 0.83407 101
1760791286218 0.83407 102
1760791294153 0.84376 103
1760791301873 0.84376 104
1760791310100 0.84376 105
1760791317888 0.84413 106
1760791326443 0.84413 107
1760791334658 0.84499 108
1760791344191 0.84499 109
1760791354571 0.84499 110
1760791362880 0.85279 111
1760791370983 0.85279 112
1760791378729 0.88536 113
1760791386862 0.88536 114
1760791396382 0.88536 115
1760791403954 0.88856 116
1760791411400 0.88856 117
1760791419036 0.88856 118
1760791427020 0.88856 119
1760791435333 0.88856 120
1760791443465 0.89094 121
1760791452227 0.89094 122
1760791460720 0.88212 123
1760791469795 0.88212 124
1760791477782 0.88212 125
1760791486425 0.87813 126
1760791494509 0.87813 127
1760791503432 0.87275 128
1760791511724 0.87275 129
1760791519820 0.87275 130
1760791527871 0.87448 131
1760791536071 0.87448 132
1760791544059 0.86785 133
1760791552462 0.86785 134
1760791560821 0.86785 135
1760791569486 0.86783 136
1760791577806 0.86783 137
1760791586278 0.86782 138
1760791595049 0.86782 139
1760791604504 0.86782 140
1760791618327 0.86726 141
1760791628659 0.86726 142
1760791637536 0.87137 143
1760791645541 0.87137 144
1760791653361 0.87137 145
1760791661129 0.86803 146
1760791669421 0.86803 147
1760791677460 0.87029 148
1760791685542 0.87029 149
1760791688712 0.8909398953846153 149
