1760790235917 0.01147 0
1760790244174 0.02345 1
1760790251463 0.02709 2
1760790435599 0.00161 0
1760790445112 0.00194 1
1760790453212 0.01611 2
1760790461304 0.02182 3
1760790469239 0.02528 4
1760790477352 0.03047 5
1760790485277 0.0353 6
1760790493489 0.03621 7
1760790501402 0.03431 8
1760790509421 0.02939 9
1760790517324 0.03223 10
1760790525124 0.03505 11
1760790532976 0.03988 12
1760790540779 0.03902 13
1760790548708 0.02694 14
1760790556522 0.03085 15
1760790564612 0.90506 16
1760790572541 0.90506 17
1760790580551 1.0 18
1760790589659 1.0 19
1760790597603 1.0 20
1760790605773 1.0 21
1760790613859 0.92256 22
1760790621985 0.92256 23
1760790630185 0.91428 24
1760790638205 0.8871 25
1760790646289 0.8871 26
1760790654357 0.87259 27
1760790662704 0.92639 28
1760790670744 0.92639 29
1760790679077 0.92793 30
1760790687265 0.92793 31
1760790695638 0.85603 32
1760790704165 0.85603 33
1760790712298 0.85814 34
1760790720268 0.85814 35
1760790728640 0.88267 36
1760790736897 0.88267 37
1760790745079 0.91263 38
1760790753069 0.91263 39
1760790761022 0.91263 40
1760790769144 0.87531 41
1760790777244 0.87531 42
1760790785652 0.89757 43
1760790793788 0.89757 44
1760790801817 0.89757 45
1760790809855 0.86609 46
1760790818059 0.86609 47
1760790826170 0.85856 48
1760790834321 0.85856 49
1760790842382 0.85856 50
1760790850636 0.77163 51
1760790858827 0.77163 52
1760790867463 0.78555 53
1760790875495 0.78555 54
1760790883652 0.78555 55
1760790891856 0.73786 56
1760790899864 0.73786 57
1760790908002 0.8364 58
1760790916075 0.8364 59
1760790925760 0.8364 60
1760790934725 0.7784 61
1760790944952 0.7784 62
1760790955180 0.71885 63
1760790963617 0.71885 64
1760790971617 0.71885 65
1760790979728 0.63969 66
1760790987700 0.63969 67
1760790995533 0.66877 68
1760791003441 0.66877 69
1760791011262 0.66877 70
1760791019115 0.93974 71
1760791027308 0.93974 72
1760791035548 0.76383 73
1760791044399 0.76383 74
1760791052123 0.76383 75
1760791060093 0.7685 76
1760791067810 0.7685 77
1760791075654 0.69681 78
1760791086070 0.69681 79
1760791097903 0.69681 80
1760791111395 0.74228 81
1760791121682 0.74228 82
1760791130647 0.7476 83
1760791139519 0.7476 84
1760791148631 0.7476 85
1760791158632 0.83703 86
1760791166686 0.83703 87
1760791174711 0.80834 88
1760791182402 0.80834 89
1760791190547 0.80834 90
1760791198209 0.83533 91
1760791205916 0.83533 92
1760791213683 0.78608 93
1760791221451 0.78608 94
1760791229680 0.78608 95
1760791237578 0.77249 96
1760791245279 0.77249 97
1760791253879 0.70937 98
1760791262508 0.70937 99
1760791270273 0.70937 100
1760791278410 0.71962 101
1760791286218 0.71962 102
1760791294153 0.71442 103
1760791301873 0.71442 104
1760791310100 0.71442 105
1760791317888 0.69737 106
1760791326443 0.69737 107
1760791334658 0.71566 108
1760791344191 0.71566 109
1760791354571 0.71566 110
1760791362880 0.7341 111
1760791370983 0.7341 112
1760791378729 0.74441 113
1760791386862 0.74441 114
1760791396382 0.74441 115
1760791403954 0.7425 116
1760791411400 0.7425 117
1760791419036 0.7273 118
1760791427020 0.7273 119
1760791435333 0.7273 120
1760791443465 0.72892 121
1760791452227 0.72892 122
1760791460720 0.7039 123
1760791469795 0.7039 124
1760791477782 0.7039 125
1760791486425 0.68418 126
1760791494509 0.68418 127
1760791503432 0.67584 128
1760791511724 0.67584 129
1760791519820 0.67584 130
1760791527871 0.66223 131
1760791536071 0.66223 132
1760791544059 0.67395 133
1760791552462 0.67395 134
1760791560821 0.67395 135
1760791569486 0.67461 136
1760791577806 0.67461 137
1760791586278 0.66927 138
1760791595049 0.66927 139
1760791604504 0.66927 140
1760791618327 0.67118 141
1760791628659 0.67118 142
1760791637536 0.669 143
1760791645541 0.669 144
1760791653361 0.669 145
1760791661129 0.66324 146
1760791669421 0.66324 147
1760791677460 0.65649 148
1760791685542 0.65649 149
1760791688712 0.7279414870355041 149
