1760790235917 0.23333 0
1760790244174 0.26667 1
1760790251463 0.46667 2
1760790435599 0.2 0
1760790445112 0.2 1
1760790453212 0.23333 2
1760790461304 0.26667 3
1760790469239 0.46667 4
1760790477352 0.5 5
1760790485277 0.53333 6
1760790493489 0.53333 7
1760790501402 0.5 8
1760790509421 0.3 9
1760790517324 0.33333 10
1760790525124 0.6 11
1760790532976 0.66667 12
1760790540779 0.75 13
1760790548708 0.55 14
1760790556522 0.8 15
1760790564612 0.13333 16
1760790572541 0.13333 17
1760790580551 0.06561 18
1760790589659 0.06402 19
1760790597603 0.06402 20
1760790605773 0.07742 21
1760790613859 0.29239 22
1760790621985 0.29239 23
1760790630185 0.29381 24
1760790638205 0.33333 25
1760790646289 0.33333 26
1760790654357 0.4 27
1760790662704 0.39197 28
1760790670744 0.39197 29
1760790679077 0.11982 30
1760790687265 0.11982 31
1760790695638 0.25226 32
1760790704165 0.25226 33
1760790712298 0.50118 34
1760790720268 0.50118 35
1760790728640 0.21863 36
1760790736897 0.21863 37
1760790745079 0.36667 38
1760790753069 0.36667 39
1760790761022 0.36667 40
1760790769144 0.6 41
1760790777244 0.6 42
1760790785652 0.6 43
1760790793788 0.6 44
1760790801817 0.6 45
1760790809855 0.86667 46
1760790818059 0.86667 47
1760790826170 0.86966 48
1760790834321 0.86966 49
1760790842382 0.86966 50
1760790850636 0.86824 51
1760790858827 0.86824 52
1760790867463 0.88865 53
1760790875495 0.88865 54
1760790883652 0.88865 55
1760790891856 0.77287 56
1760790899864 0.77287 57
1760790908002 0.71564 58
1760790916075 0.71564 59
1760790925760 0.71564 60
1760790934725 0.79031 61
1760790944952 0.79031 62
1760790955180 0.93333 63
1760790963617 0.93333 64
1760790971617 0.93333 65
1760790979728 0.84931 66
1760790987700 0.84931 67
1760790995533 0.83333 68
1760791003441 0.83333 69
1760791011262 0.83333 70
1760791019115 0.61103 71
1760791027308 0.61103 72
1760791035548 0.69627 73
1760791044399 0.69627 74
1760791052123 0.69627 75
1760791060093 0.7773 76
1760791067810 0.7773 77
1760791075654 1.0 78
1760791086070 1.0 79
1760791097903 1.0 80
1760791111395 0.96617 81
1760791121682 0.96617 82
1760791130647 0.92819 83
1760791139519 0.92819 84
1760791148631 0.92819 85
1760791158632 0.86228 86
1760791166686 0.86228 87
1760791174711 0.90226 88
1760791182402 0.90226 89
1760791190547 0.90226 90
1760791198209 0.89479 91
1760791205916 0.89479 92
1760791213683 0.97235 93
1760791221451 0.97235 94
1760791229680 0.97235 95
1760791237578 1.0 96
1760791245279 1.0 97
1760791253879 1.0 98
1760791262508 1.0 99
1760791270273 1.0 100
1760791278410 1.0 101
1760791286218 1.0 102
1760791294153 1.0 103
1760791301873 1.0 104
1760791310100 1.0 105
1760791317888 1.0 106
1760791326443 1.0 107
1760791334658 1.0 108
1760791344191 1.0 109
1760791354571 1.0 110
1760791362880 1.0 111
1760791370983 1.0 112
1760791378729 1.0 113
1760791386862 1.0 114
1760791396382 1.0 115
1760791403954 1.0 116
1760791411400 1.0 117
1760791419036 1.0 118
1760791427020 1.0 119
1760791435333 1.0 120
1760791443465 1.0 121
1760791452227 1.0 122
1760791460720 1.0 123
1760791469795 1.0 124
1760791477782 1.0 125
1760791486425 1.0 126
1760791494509 1.0 127
1760791503432 1.0 128
1760791511724 1.0 129
1760791519820 1.0 130
1760791527871 1.0 131
1760791536071 1.0 132
1760791544059 1.0 133
1760791552462 1.0 134
1760791560821 1.0 135
1760791569486 1.0 136
1760791577806 1.0 137
1760791586278 1.0 138
1760791595049 1.0 139
1760791604504 1.0 140
1760791618327 1.0 141
1760791628659 1.0 142
1760791637536 1.0 143
1760791645541 1.0 144
1760791653361 1.0 145
1760791661129 1.0 146
1760791669421 1.0 147
1760791677460 1.0 148
1760791685542 1.0 149
1760791688712 1.0 149
