1760786111035 0.00695 0
1760786120568 0.00695 1
1760786136628 0.01385 2
1760786153347 0.01375 3
1760786163191 0.01073 4
1760786172863 0.01733 5
1760786182757 0.00974 6
1760786193766 0.00081 7
1760786203748 0.0002 8
1760786212315 0.0 9
1760786220842 0.00205 10
1760786229761 0.00205 11
1760786238373 0.00496 12
1760786247779 0.02277 13
1760786256422 0.02277 14
1760786265228 0.08019 15
1760786274182 0.183 16
1760786282977 0.183 17
1760786292013 0.22445 18
1760786300904 0.22445 19
1760786309673 0.26705 20
1760786318209 0.26705 21
1760786326723 0.35689 22
1760786335139 0.35689 23
1760786343794 0.44768 24
1760786352772 0.44768 25
1760786361273 0.44768 26
1760786369673 0.49005 27
1760786378102 0.49005 28
1760786386580 0.57395 29
1760786394935 0.57395 30
1760786403219 0.57395 31
1760786412105 0.57541 32
1760786420430 0.57541 33
1760786428774 0.57541 34
1760786437095 0.60184 35
1760786445488 0.60184 36
1760786453875 0.60184 37
1760786462211 0.53016 38
1760786470698 0.53016 39
1760786479041 0.53016 40
1760786487401 0.59373 41
1760786495601 0.59373 42
1760786503862 0.59373 43
1760786512200 0.59373 44
1760786520662 0.62368 45
1760786529187 0.62368 46
1760786538014 0.62368 47
1760786546761 0.62368 48
1760786555631 0.60601 49
1760786564397 0.60601 50
1760786573141 0.60601 51
1760786581550 0.60601 52
1760786590192 0.62658 53
1760786598535 0.62658 54
1760786606887 0.62658 55
1760786615224 0.62658 56
1760786623647 0.62814 57
1760786632095 0.62814 58
1760786641513 0.62814 59
1760786650199 0.62814 60
1760786659580 0.65935 61
1760786668060 0.65935 62
1760786676462 0.65935 63
1760786685231 0.65935 64
1760786693572 0.65596 65
1760786703263 0.65596 66
1760786711924 0.65596 67
1760786720146 0.65596 68
1760786728603 0.64095 69
1760786737449 0.64095 70
1760786745771 0.64095 71
1760786753939 0.64095 72
1760786762415 0.66115 73
1760786770849 0.66115 74
1760786779208 0.66115 75
1760786787609 0.66115 76
1760786795962 0.63665 77
1760786804762 0.63665 78
1760786813008 0.63665 79
1760786821396 0.63665 80
1760786829866 0.56966 81
1760786838286 0.56966 82
1760786846553 0.56966 83
1760786855075 0.56966 84
1760786864095 0.57676 85
1760786872546 0.57676 86
1760786880975 0.57676 87
1760786889651 0.57676 88
1760786898428 0.54453 89
1760786906875 0.54453 90
1760786915138 0.54453 91
1760786923491 0.54453 92
1760786931940 0.55353 93
1760786940192 0.55353 94
1760786948481 0.55353 95
1760786956801 0.55353 96
1760786965125 0.68097 97
1760786974544 0.68097 98
1760786983554 0.68097 99
1760786986506 0.5914149154694841 99
