1760786111035 0.06946 0
1760786120568 0.06946 1
1760786136628 0.06955 2
1760786153347 0.06875 3
1760786163191 0.03651 4
1760786172863 0.06947 5
1760786182757 0.0383 6
1760786193766 0.00719 7
1760786203748 0.001 8
1760786212315 0.0 9
1760786220842 0.00293 10
1760786229761 0.00293 11
1760786238373 0.0123 12
1760786247779 0.04333 13
1760786256422 0.04333 14
1760786265228 0.11588 15
1760786274182 0.24177 16
1760786282977 0.24177 17
1760786292013 0.2776 18
1760786300904 0.2776 19
1760786309673 0.32744 20
1760786318209 0.32744 21
1760786326723 0.41134 22
1760786335139 0.41134 23
1760786343794 0.51591 24
1760786352772 0.51591 25
1760786361273 0.51591 26
1760786369673 0.57096 27
1760786378102 0.57096 28
1760786386580 0.71712 29
1760786394935 0.71712 30
1760786403219 0.71712 31
1760786412105 0.73237 32
1760786420430 0.73237 33
1760786428774 0.73237 34
1760786437095 0.73829 35
1760786445488 0.73829 36
1760786453875 0.73829 37
1760786462211 0.6555 38
1760786470698 0.6555 39
1760786479041 0.6555 40
1760786487401 0.76193 41
1760786495601 0.76193 42
1760786503862 0.76193 43
1760786512200 0.76193 44
1760786520662 0.76545 45
1760786529187 0.76545 46
1760786538014 0.76545 47
1760786546761 0.76545 48
1760786555631 0.76545 49
1760786564397 0.76545 50
1760786573141 0.76545 51
1760786581550 0.76545 52
1760786590192 0.77267 53
1760786598535 0.77267 54
1760786606887 0.77267 55
1760786615224 0.77267 56
1760786623647 0.79506 57
1760786632095 0.79506 58
1760786641513 0.79506 59
1760786650199 0.79506 60
1760786659580 0.84738 61
1760786668060 0.84738 62
1760786676462 0.84738 63
1760786685231 0.84738 64
1760786693572 0.84472 65
1760786703263 0.84472 66
1760786711924 0.84472 67
1760786720146 0.84472 68
1760786728603 0.84107 69
1760786737449 0.84107 70
1760786745771 0.84107 71
1760786753939 0.84107 72
1760786762415 0.84752 73
1760786770849 0.84752 74
1760786779208 0.84752 75
1760786787609 0.84752 76
1760786795962 0.85045 77
1760786804762 0.85045 78
1760786813008 0.85045 79
1760786821396 0.85045 80
1760786829866 0.75159 81
1760786838286 0.75159 82
1760786846553 0.75159 83
1760786855075 0.75159 84
1760786864095 0.75219 85
1760786872546 0.75219 86
1760786880975 0.75219 87
1760786889651 0.75219 88
1760786898428 0.72194 89
1760786906875 0.72194 90
1760786915138 0.72194 91
1760786923491 0.72194 92
1760786931940 0.72768 93
1760786940192 0.72768 94
1760786948481 0.72768 95
1760786956801 0.72768 96
1760786965125 0.86007 97
1760786974544 0.86007 98
1760786983554 0.86007 99
1760786986506 0.7605732142857142 99
