1760786111035 0.00741 0
1760786120568 0.00741 1
1760786136628 0.00685 2
1760786153347 0.00526 3
1760786163191 0.00656 4
1760786172863 0.01125 5
1760786182757 0.0113 6
1760786193766 0.00548 7
1760786203748 0.00095 8
1760786212315 0.0 9
1760786220842 0.00392 10
1760786229761 0.00392 11
1760786238373 0.00828 12
1760786247779 0.02066 13
1760786256422 0.02066 14
1760786265228 0.01799 15
1760786274182 0.01641 16
1760786282977 0.01641 17
1760786292013 0.02278 18
1760786300904 0.02278 19
1760786309673 1.0 20
1760786318209 1.0 21
1760786326723 0.99268 22
1760786335139 0.99268 23
1760786343794 0.99285 24
1760786352772 0.99285 25
1760786361273 0.99285 26
1760786369673 0.9621 27
1760786378102 0.9621 28
1760786386580 0.97759 29
1760786394935 0.97759 30
1760786403219 0.97759 31
1760786412105 0.96816 32
1760786420430 0.96816 33
1760786428774 0.96816 34
1760786437095 0.88824 35
1760786445488 0.88824 36
1760786453875 0.88824 37
1760786462211 0.80605 38
1760786470698 0.80605 39
1760786479041 0.80605 40
1760786487401 0.85041 41
1760786495601 0.85041 42
1760786503862 0.85041 43
1760786512200 0.85041 44
1760786520662 0.85444 45
1760786529187 0.85444 46
1760786538014 0.85444 47
1760786546761 0.85444 48
1760786555631 0.75564 49
1760786564397 0.75564 50
1760786573141 0.75564 51
1760786581550 0.75564 52
1760786590192 0.73228 53
1760786598535 0.73228 54
1760786606887 0.73228 55
1760786615224 0.73228 56
1760786623647 0.81014 57
1760786632095 0.81014 58
1760786641513 0.81014 59
1760786650199 0.81014 60
1760786659580 0.91379 61
1760786668060 0.91379 62
1760786676462 0.91379 63
1760786685231 0.91379 64
1760786693572 0.90787 65
1760786703263 0.90787 66
1760786711924 0.90787 67
1760786720146 0.90787 68
1760786728603 0.91783 69
1760786737449 0.91783 70
1760786745771 0.91783 71
1760786753939 0.91783 72
1760786762415 0.93144 73
1760786770849 0.93144 74
1760786779208 0.93144 75
1760786787609 0.93144 76
1760786795962 0.94533 77
1760786804762 0.94533 78
1760786813008 0.94533 79
1760786821396 0.94533 80
1760786829866 0.95932 81
1760786838286 0.95932 82
1760786846553 0.95932 83
1760786855075 0.95932 84
1760786864095 0.96909 85
1760786872546 0.96909 86
1760786880975 0.96909 87
1760786889651 0.96909 88
1760786898428 0.97331 89
1760786906875 0.97331 90
1760786915138 0.97331 91
1760786923491 0.97331 92
1760786931940 0.97661 93
1760786940192 0.97661 94
1760786948481 0.97661 95
1760786956801 0.97661 96
1760786965125 0.97618 97
1760786974544 0.97618 98
1760786983554 0.97618 99
1760786986506 0.9757903284510823 99
