1760786111035 0.06667 0
1760786120568 0.06667 1
1760786136628 0.09524 2
1760786153347 0.06667 3
1760786163191 0.12381 4
1760786172863 0.19048 5
1760786182757 0.21905 6
1760786193766 0.09524 7
1760786203748 0.02857 8
1760786212315 0.0 9
1760786220842 0.06667 10
1760786229761 0.06667 11
1760786238373 0.29524 12
1760786247779 0.62857 13
1760786256422 0.62857 14
1760786265228 0.6 15
1760786274182 0.62857 16
1760786282977 0.62857 17
1760786292013 0.74286 18
1760786300904 0.74286 19
1760786309673 0.18292 20
1760786318209 0.18292 21
1760786326723 0.2 22
1760786335139 0.2 23
1760786343794 0.2 24
1760786352772 0.2 25
1760786361273 0.2 26
1760786369673 0.2 27
1760786378102 0.2 28
1760786386580 0.22793 29
1760786394935 0.22793 30
1760786403219 0.22793 31
1760786412105 0.44332 32
1760786420430 0.44332 33
1760786428774 0.44332 34
1760786437095 0.45383 35
1760786445488 0.45383 36
1760786453875 0.45383 37
1760786462211 0.65924 38
1760786470698 0.65924 39
1760786479041 0.65924 40
1760786487401 0.64879 41
1760786495601 0.64879 42
1760786503862 0.64879 43
1760786512200 0.64879 44
1760786520662 0.68527 45
1760786529187 0.68527 46
1760786538014 0.68527 47
1760786546761 0.68527 48
1760786555631 0.71429 49
1760786564397 0.71429 50
1760786573141 0.71429 51
1760786581550 0.71429 52
1760786590192 0.77143 53
1760786598535 0.77143 54
1760786606887 0.77143 55
1760786615224 0.77143 56
1760786623647 0.57143 57
1760786632095 0.57143 58
1760786641513 0.57143 59
1760786650199 0.57143 60
1760786659580 0.5325 61
1760786668060 0.5325 62
1760786676462 0.5325 63
1760786685231 0.5325 64
1760786693572 0.52115 65
1760786703263 0.52115 66
1760786711924 0.52115 67
1760786720146 0.52115 68
1760786728603 0.51818 69
1760786737449 0.51818 70
1760786745771 0.51818 71
1760786753939 0.51818 72
1760786762415 0.51669 73
1760786770849 0.51669 74
1760786779208 0.51669 75
1760786787609 0.51669 76
1760786795962 0.51654 77
1760786804762 0.51654 78
1760786813008 0.51654 79
1760786821396 0.51654 80
1760786829866 0.51665 81
1760786838286 0.51665 82
1760786846553 0.51665 83
1760786855075 0.51665 84
1760786864095 0.51699 85
1760786872546 0.51699 86
1760786880975 0.51699 87
1760786889651 0.51699 88
1760786898428 0.51693 89
1760786906875 0.51693 90
1760786915138 0.51693 91
1760786923491 0.51693 92
1760786931940 0.51691 93
1760786940192 0.51691 94
1760786948481 0.51691 95
1760786956801 0.51691 96
1760786965125 0.51693 97
1760786974544 0.51693 98
1760786983554 0.51693 99
1760786986506 0.5168868506024855 99
