1760790235084 1.37749 0
1760790243478 1.37653 1
1760790250787 1.55898 2
1760790434733 1.39891 0
1760790444304 1.28793 1
1760790452509 1.59785 2
1760790460585 1.46971 3
1760790468552 1.1479 4
1760790476634 1.13773 5
1760790484559 1.76141 6
1760790492518 0.96227 7
1760790500703 1.82337 8
1760790508684 1.457 9
1760790516609 2.10732 10
1760790524449 1.18455 11
1760790532303 1.22923 12
1760790539977 1.25506 13
1760790548006 1.40668 14
1760790555859 1.34375 15
1760790563857 1.31955 16
1760790571812 1.22717 17
1760790579825 1.63644 18
1760790587685 1.40371 19
1760790596837 0.92621 20
1760790604997 0.95727 21
1760790613092 1.16439 22
1760790621223 0.85079 23
1760790629406 1.03504 24
1760790637394 1.11896 25
1760790645531 1.04286 26
1760790653584 0.95459 27
1760790661875 0.94112 28
1760790669951 1.27439 29
1760790678294 1.19652 30
1760790686473 1.31951 31
1760790694830 0.91565 32
1760790703323 0.94809 33
1760790711530 1.03424 34
1760790719490 1.04532 35
1760790727866 1.27276 36
1760790736115 1.17885 37
1760790744313 1.14783 38
1760790752297 0.91784 39
1760790760258 1.00645 40
1760790768344 0.95471 41
1760790776482 1.27124 42
1760790784800 0.8072 43
1760790793018 1.12001 44
1760790800954 1.04804 45
1760790809078 0.99923 46
1760790817286 1.12328 47
1760790825394 0.80263 48
1760790833508 1.63332 49
1760790841606 0.91733 50
1760790849854 0.96855 51
1760790858074 0.86727 52
1760790866537 0.77062 53
1760790874701 0.89643 54
1760790882832 1.05277 55
1760790891049 0.86186 56
1760790899120 0.91382 57
1760790907210 0.86875 58
1760790915288 0.79842 59
1760790924934 1.07313 60
1760790933596 1.24361 61
1760790943871 0.89434 62
1760790954114 0.7676 63
1760790962868 0.80872 64
1760790970742 0.70119 65
1760790978838 0.82528 66
1760790986966 0.94322 67
1760790994761 1.09668 68
1760791002690 1.19767 69
1760791010487 1.01183 70
1760791018390 0.93295 71
1760791026484 0.75079 72
1760791034602 0.91234 73
1760791043668 0.90774 74
1760791051431 0.71512 75
1760791059212 0.87917 76
1760791067081 0.99517 77
1760791074820 0.70777 78
1760791085107 0.84628 79
1760791096132 0.81585 80
1760791109906 0.71877 81
1760791120791 0.65731 82
1760791129773 1.00872 83
1760791138610 1.07852 84
1760791147731 0.80013 85
1760791157656 0.94542 86
1760791165915 0.85985 87
1760791173916 0.70309 88
1760791181686 0.73557 89
1760791189779 0.78283 90
1760791197491 0.84498 91
1760791205185 0.7669 92
1760791212892 0.75118 93
1760791220724 0.77112 94
1760791228923 0.84472 95
1760791236809 1.01112 96
1760791244554 0.78919 97
1760791253129 0.66507 98
1760791261689 0.89197 99
1760791269526 0.78756 100
1760791277645 0.75738 101
1760791285496 1.06898 102
1760791293370 0.64353 103
1760791301072 0.65956 104
1760791309394 0.83838 105
1760791317140 0.65726 106
1760791325619 1.11736 107
1760791333807 0.75196 108
1760791342266 0.75238 109
1760791353635 0.90649 110
1760791362072 0.70323 111
1760791370055 0.82852 112
1760791377934 1.07597 113
1760791386037 1.14343 114
1760791394168 0.87895 115
1760791403221 0.61032 116
1760791410667 0.9389 117
1760791418228 0.8277 118
1760791426300 0.90497 119
1760791434521 1.07625 120
1760791442741 0.80804 121
1760791451324 0.64328 122
1760791459893 0.65741 123
1760791468807 0.61507 124
1760791477008 0.80107 125
1760791485563 0.84336 126
1760791493712 0.5792 127
1760791502590 0.73156 128
1760791510908 0.76247 129
1760791519028 0.86523 130
1760791527050 0.98529 131
1760791535186 0.75251 132
1760791543289 0.61438 133
1760791551576 0.87136 134
1760791560063 0.79094 135
1760791568655 0.83218 136
1760791576969 0.87648 137
1760791585391 0.58779 138
1760791594309 0.66645 139
1760791603480 0.85425 140
1760791617173 0.6485 141
1760791627734 0.8363 142
1760791636686 0.63941 143
1760791644808 0.54759 144
1760791652602 0.66615 145
1760791660370 0.90782 146
1760791668560 0.55769 147
1760791676712 0.64681 148
1760791684755 0.8759 149
