1760790235084 4.4237 0
1760790243478 4.36253 1
1760790250787 4.44325 2
1760790434733 4.47781 0
1760790444304 4.28223 1
1760790452509 4.52113 2
1760790460585 4.61057 3
1760790468552 4.2776 4
1760790476634 3.99024 5
1760790484559 4.50689 6
1760790492518 4.01312 7
1760790500703 4.33263 8
1760790508684 4.08952 9
1760790516609 5.69169 10
1760790524449 3.86806 11
1760790532303 3.38075 12
1760790539977 3.38764 13
1760790548006 3.6768 14
1760790555859 3.45649 15
1760790563857 2.8082 16
1760790571812 2.69415 17
1760790579825 5.6353 18
1760790587685 3.06662 19
1760790596837 3.24862 20
1760790604997 2.63509 21
1760790613092 2.31586 22
1760790621223 2.80727 23
1760790629406 2.19122 24
1760790637394 2.84017 25
1760790645531 2.17137 26
1760790653584 2.29078 27
1760790661875 1.69719 28
1760790669951 2.50936 29
1760790678294 1.95479 30
1760790686473 2.13145 31
1760790694830 2.27413 32
1760790703323 2.97176 33
1760790711530 2.09391 34
1760790719490 2.11249 35
1760790727866 2.05306 36
1760790736115 1.64279 37
1760790744313 1.90392 38
1760790752297 2.47408 39
1760790760258 1.61547 40
1760790768344 1.30017 41
1760790776482 1.71177 42
1760790784800 1.27699 43
1760790793018 1.35256 44
1760790800954 1.57727 45
1760790809078 1.51121 46
1760790817286 1.45062 47
1760790825394 1.15338 48
1760790833508 1.97147 49
1760790841606 1.46303 50
1760790849854 1.41488 51
1760790858074 1.55791 52
1760790866537 1.25555 53
1760790874701 1.51045 54
1760790882832 1.13185 55
1760790891049 0.97044 56
1760790899120 1.21935 57
1760790907210 1.2832 58
1760790915288 1.2373 59
1760790924934 1.88981 60
1760790933596 2.41212 61
1760790943871 1.00354 62
1760790954114 1.46128 63
1760790962868 3.77202 64
1760790970742 1.31556 65
1760790978838 1.30678 66
1760790986966 1.22096 67
1760790994761 1.27396 68
1760791002690 5.17752 69
1760791010487 1.16317 70
1760791018390 1.21727 71
1760791026484 1.12568 72
1760791034602 1.6085 73
1760791043668 1.31733 74
1760791051431 1.46452 75
1760791059212 0.98346 76
1760791067081 1.22027 77
1760791074820 1.1666 78
1760791085107 0.94099 79
1760791096132 1.03929 80
1760791109906 1.03607 81
1760791120791 1.14718 82
1760791129773 1.2167 83
1760791138610 1.18265 84
1760791147731 1.06045 85
1760791157656 1.29352 86
1760791165915 1.05246 87
1760791173916 2.88654 88
1760791181686 1.45697 89
1760791189779 0.92415 90
1760791197491 1.04205 91
1760791205185 0.86323 92
1760791212892 1.09095 93
1760791220724 1.11279 94
1760791228923 1.22596 95
1760791236809 1.22787 96
1760791244554 0.96588 97
1760791253129 0.90354 98
1760791261689 1.06284 99
1760791269526 0.85784 100
1760791277645 2.32193 101
1760791285496 1.22163 102
1760791293370 1.12757 103
1760791301072 0.94487 104
1760791309394 1.576 105
1760791317140 0.81984 106
1760791325619 1.31191 107
1760791333807 0.9158 108
1760791342266 0.83293 109
1760791353635 0.96286 110
1760791362072 1.03957 111
1760791370055 0.87729 112
1760791377934 1.21591 113
1760791386037 1.47781 114
1760791394168 1.12864 115
1760791403221 1.5105 116
1760791410667 1.01639 117
1760791418228 0.92168 118
1760791426300 0.94079 119
1760791434521 1.16476 120
1760791442741 0.8536 121
1760791451324 1.19193 122
1760791459893 0.99685 123
1760791468807 0.98225 124
1760791477008 1.09657 125
1760791485563 1.20272 126
1760791493712 2.37429 127
1760791502590 0.96044 128
1760791510908 1.24989 129
1760791519028 1.00372 130
1760791527050 0.96352 131
1760791535186 0.82602 132
1760791543289 0.90399 133
1760791551576 0.90442 134
1760791560063 0.96328 135
1760791568655 0.94138 136
1760791576969 1.10034 137
1760791585391 0.78318 138
1760791594309 0.93391 139
1760791603480 1.19967 140
1760791617173 0.78501 141
1760791627734 1.30923 142
1760791636686 0.79239 143
1760791644808 0.92032 144
1760791652602 0.76166 145
1760791660370 1.18186 146
1760791668560 0.95538 147
1760791676712 0.83967 148
1760791684755 1.20326 149
