1760790235084 1.18963 0
1760790243478 1.15678 1
1760790250787 1.16279 2
1760790434733 1.24486 0
1760790444304 1.14202 1
1760790452509 1.19943 2
1760790460585 1.30439 3
1760790468552 1.13029 4
1760790476634 1.05211 5
1760790484559 1.17243 6
1760790492518 0.94389 7
1760790500703 1.16006 8
1760790508684 1.13876 9
1760790516609 1.45615 10
1760790524449 0.99863 11
1760790532303 1.06445 12
1760790539977 0.99819 13
1760790548006 1.76848 14
1760790555859 1.00441 15
1760790563857 0.99936 16
1760790571812 0.93687 17
1760790579825 1.06482 18
1760790587685 1.00877 19
1760790596837 0.90849 20
1760790604997 0.91375 21
1760790613092 0.92164 22
1760790621223 0.93593 23
1760790629406 0.93164 24
1760790637394 0.97616 25
1760790645531 0.97746 26
1760790653584 0.88517 27
1760790661875 0.84432 28
1760790669951 1.04852 29
1760790678294 0.93132 30
1760790686473 0.94077 31
1760790694830 0.81719 32
1760790703323 1.00818 33
1760790711530 0.91847 34
1760790719490 0.87225 35
1760790727866 0.94674 36
1760790736115 0.90644 37
1760790744313 0.94071 38
1760790752297 0.90251 39
1760790760258 0.94073 40
1760790768344 0.90886 41
1760790776482 0.93541 42
1760790784800 0.8906 43
1760790793018 1.00073 44
1760790800954 0.9399 45
1760790809078 1.089 46
1760790817286 0.88495 47
1760790825394 0.90736 48
1760790833508 1.01235 49
1760790841606 0.90479 50
1760790849854 0.91376 51
1760790858074 0.98707 52
1760790866537 0.94824 53
1760790874701 0.88518 54
1760790882832 0.93087 55
1760790891049 0.91802 56
1760790899120 0.89516 57
1760790907210 0.94537 58
1760790915288 0.85823 59
1760790924934 0.92137 60
1760790933596 0.93101 61
1760790943871 0.91426 62
1760790954114 0.93487 63
1760790962868 0.92928 64
1760790970742 0.95863 65
1760790978838 0.90377 66
1760790986966 0.89143 67
1760790994761 0.92526 68
1760791002690 1.14189 69
1760791010487 1.01385 70
1760791018390 0.88946 71
1760791026484 0.87558 72
1760791034602 0.93016 73
1760791043668 0.89363 74
1760791051431 0.96037 75
1760791059212 0.94177 76
1760791067081 0.90277 77
1760791074820 0.87409 78
1760791085107 0.8851 79
1760791096132 0.90412 80
1760791109906 0.87875 81
1760791120791 0.93181 82
1760791129773 1.1194 83
1760791138610 1.0178 84
1760791147731 0.91311 85
1760791157656 0.99347 86
1760791165915 0.91104 87
1760791173916 0.82602 88
1760791181686 0.88456 89
1760791189779 0.82416 90
1760791197491 0.92336 91
1760791205185 0.892 92
1760791212892 0.87183 93
1760791220724 0.91704 94
1760791228923 0.87966 95
1760791236809 0.9011 96
1760791244554 0.85938 97
1760791253129 0.90667 98
1760791261689 0.86946 99
1760791269526 0.93291 100
1760791277645 0.97921 101
1760791285496 0.89991 102
1760791293370 0.92278 103
1760791301072 0.89073 104
1760791309394 0.87002 105
1760791317140 0.91035 106
1760791325619 0.90701 107
1760791333807 0.90389 108
1760791342266 0.88404 109
1760791353635 0.95602 110
1760791362072 0.91353 111
1760791370055 0.8464 112
1760791377934 0.91222 113
1760791386037 1.18001 114
1760791394168 0.86488 115
1760791403221 0.78299 116
1760791410667 0.99353 117
1760791418228 0.96453 118
1760791426300 0.88734 119
1760791434521 0.87285 120
1760791442741 0.87878 121
1760791451324 0.87059 122
1760791459893 0.91945 123
1760791468807 0.87269 124
1760791477008 0.95308 125
1760791485563 0.89414 126
1760791493712 0.81201 127
1760791502590 0.8758 128
1760791510908 0.88786 129
1760791519028 0.8741 130
1760791527050 0.87219 131
1760791535186 0.86596 132
1760791543289 0.89953 133
1760791551576 0.87269 134
1760791560063 0.85789 135
1760791568655 0.86122 136
1760791576969 0.93845 137
1760791585391 0.87625 138
1760791594309 0.887 139
1760791603480 0.91597 140
1760791617173 0.91688 141
1760791627734 0.84999 142
1760791636686 0.90785 143
1760791644808 0.83062 144
1760791652602 0.90751 145
1760791660370 0.86864 146
1760791668560 0.91799 147
1760791676712 0.86345 148
1760791684755 0.87476 149
