6 0.31171875 0.315625 0.0328125 0.059375
6 0.36796875 0.315625 0.01796875 0.0578125
6 0.41875 0.315625 0.01796875 0.06015625
1 0.11171875 0.62578125 0.02578125 0.04921875
4 0.1109375 0.7171875 0.02734375 0.0484375
5 0.16484375 0.64296875 0.02734375 0.0484375
1 0.221875 0.62578125 0.02734375 0.0484375
4 0.22421875 0.7171875 0.02578125 0.04921875
6 0.14296875 0.8109375 0.01796875 0.06015625
6 0.19140625 0.8109375 0.0171875 0.06015625
6 0.4515625 0.83203125 0.01796875 0.0609375
0 0.45234375 0.646875 0.01640625 0.0328125
0 0.4515625 0.690625 0.0140625 0.03046875
0 0.5125 0.64609375 0.02109375 0.03828125
0 0.5125 0.69140625 0.01953125 0.034375
1 0.4828125 0.78046875 0.02890625 0.05
4 0.41796875 0.40625 0.01875 0.0359375
7 0.53828125 0.734375 0.0328125 0.04453125
6 0.6765625 0.7921875 0.034375 0.04765625
0 0.715625 0.68828125 0.0203125 0.0359375
0 0.715625 0.73125 0.01875 0.03515625
0 0.78671875 0.68828125 0.02265625 0.03671875
0 0.7875 0.74921875 0.0203125 0.03359375
1 0.81953125 0.821875 0.0296875 0.05390625
4 0.81953125 0.96015625 0.02734375 0.0515625
0 0.89296875 0.6046875 0.01796875 0.034375
0 0.91640625 0.60546875 0.01953125 0.03515625
1 0.96796875 0.55234375 0.03359375 0.0515625
3 0.83515625 0.60546875 0.03984375 0.06875