1760783710861 0.0 0
1760783719166 0.0 1
1760783727191 0.0 2
1760783734954 0.0 3
1760783742649 0.0 4
1760783750366 0.0 5
1760783758205 0.0 6
1760783766359 0.0 7
1760783774325 0.0 8
1760783782984 0.0 9
1760783791392 0.0 10
1760783799509 0.0 11
1760783807608 0.0 12
1760783815665 0.0 13
1760783823728 0.0 14
1760783831994 0.0 15
1760783840817 0.0 16
1760783849085 0.0 17
1760783856958 0.02466 18
1760783864700 0.02466 19
1760783872472 0.06979 20
1760783880451 0.06979 21
1760783888436 0.08216 22
1760783896532 0.08216 23
1760783904642 0.08138 24
1760783912453 0.08138 25
1760783920188 0.08138 26
1760783928209 0.08066 27
1760783936010 0.08066 28
1760783944061 0.08599 29
1760783952533 0.08599 30
1760783960371 0.08599 31
1760783968395 0.11052 32
1760783976588 0.11052 33
1760783984468 0.11052 34
1760783992358 0.13193 35
1760784000504 0.13193 36
1760784008317 0.13193 37
1760784016280 0.16517 38
1760784024020 0.16517 39
1760784031977 0.16517 40
1760784039818 0.22368 41
1760784047543 0.22368 42
1760784055344 0.22368 43
1760784063410 0.22368 44
1760784071638 0.24413 45
1760784079432 0.24413 46
1760784087383 0.24413 47
1760784095377 0.24413 48
1760784103283 0.24584 49
1760784111142 0.24584 50
1760784119136 0.24584 51
1760784126880 0.24584 52
1760784135612 0.26717 53
1760784143716 0.26717 54
1760784151537 0.26717 55
1760784159232 0.26717 56
1760784167242 0.2727 57
1760784175054 0.2727 58
1760784183589 0.2727 59
1760784191346 0.2727 60
1760784199156 0.27758 61
1760784206846 0.27758 62
1760784214639 0.27758 63
1760784222289 0.27758 64
1760784230738 0.27826 65
1760784239370 0.27826 66
1760784247814 0.27826 67
1760784255655 0.27826 68
1760784263817 0.27789 69
1760784271847 0.27789 70
1760784279578 0.27789 71
1760784287328 0.27789 72
1760784295538 0.27838 73
1760784303382 0.27838 74
1760784311597 0.27838 75
1760784319388 0.27838 76
1760784327559 0.27962 77
1760784335387 0.27962 78
1760784343015 0.27962 79
1760784345702 0.27954221470960056 79
