1760783710861 0.0 0
1760783719166 0.0 1
1760783727191 0.0 2
1760783734954 0.0 3
1760783742649 0.0 4
1760783750366 0.0 5
1760783758205 0.0 6
1760783766359 0.0 7
1760783774325 0.0 8
1760783782984 0.0 9
1760783791392 0.0 10
1760783799509 0.0 11
1760783807608 0.0 12
1760783815665 0.0 13
1760783823728 0.0 14
1760783831994 0.0 15
1760783840817 0.0 16
1760783849085 0.0 17
1760783856958 0.0311 18
1760783864700 0.0311 19
1760783872472 0.08386 20
1760783880451 0.08386 21
1760783888436 0.10065 22
1760783896532 0.10065 23
1760783904642 0.10274 24
1760783912453 0.10274 25
1760783920188 0.10274 26
1760783928209 0.10269 27
1760783936010 0.10269 28
1760783944061 0.11818 29
1760783952533 0.11818 30
1760783960371 0.11818 31
1760783968395 0.15096 32
1760783976588 0.15096 33
1760783984468 0.15096 34
1760783992358 0.17593 35
1760784000504 0.17593 36
1760784008317 0.17593 37
1760784016280 0.22596 38
1760784024020 0.22596 39
1760784031977 0.22596 40
1760784039818 0.31274 41
1760784047543 0.31274 42
1760784055344 0.31274 43
1760784063410 0.31274 44
1760784071638 0.32796 45
1760784079432 0.32796 46
1760784087383 0.32796 47
1760784095377 0.32796 48
1760784103283 0.34356 49
1760784111142 0.34356 50
1760784119136 0.34356 51
1760784126880 0.34356 52
1760784135612 0.35235 53
1760784143716 0.35235 54
1760784151537 0.35235 55
1760784159232 0.35235 56
1760784167242 0.35555 57
1760784175054 0.35555 58
1760784183589 0.35555 59
1760784191346 0.35555 60
1760784199156 0.36278 61
1760784206846 0.36278 62
1760784214639 0.36278 63
1760784222289 0.36278 64
1760784230738 0.37274 65
1760784239370 0.37274 66
1760784247814 0.37274 67
1760784255655 0.37274 68
1760784263817 0.37117 69
1760784271847 0.37117 70
1760784279578 0.37117 71
1760784287328 0.37117 72
1760784295538 0.37387 73
1760784303382 0.37387 74
1760784311597 0.37387 75
1760784319388 0.37387 76
1760784327559 0.37939 77
1760784335387 0.37939 78
1760784343015 0.37939 79
1760784345702 0.37894632874055434 79
