1760783710861 0.0 0
1760783719166 0.0 1
1760783727191 0.0 2
1760783734954 0.0 3
1760783742649 0.0 4
1760783750366 0.0 5
1760783758205 0.0 6
1760783766359 0.0 7
1760783774325 0.0 8
1760783782984 0.0 9
1760783791392 0.0 10
1760783799509 0.0 11
1760783807608 0.0 12
1760783815665 0.0 13
1760783823728 0.0 14
1760783831994 0.0 15
1760783840817 0.0 16
1760783849085 0.0 17
1760783856958 0.00409 18
1760783864700 0.00409 19
1760783872472 0.00534 20
1760783880451 0.00534 21
1760783888436 0.00725 22
1760783896532 0.00725 23
1760783904642 0.01114 24
1760783912453 0.01114 25
1760783920188 0.01114 26
1760783928209 0.01353 27
1760783936010 0.01353 28
1760783944061 0.83333 29
1760783952533 0.83333 30
1760783960371 0.83333 31
1760783968395 1.0 32
1760783976588 1.0 33
1760783984468 1.0 34
1760783992358 1.0 35
1760784000504 1.0 36
1760784008317 1.0 37
1760784016280 1.0 38
1760784024020 1.0 39
1760784031977 1.0 40
1760784039818 0.73218 41
1760784047543 0.73218 42
1760784055344 0.73218 43
1760784063410 0.73218 44
1760784071638 0.95219 45
1760784079432 0.95219 46
1760784087383 0.95219 47
1760784095377 0.95219 48
1760784103283 0.93037 49
1760784111142 0.93037 50
1760784119136 0.93037 51
1760784126880 0.93037 52
1760784135612 0.97723 53
1760784143716 0.97723 54
1760784151537 0.97723 55
1760784159232 0.97723 56
1760784167242 0.97516 57
1760784175054 0.97516 58
1760784183589 0.97516 59
1760784191346 0.97516 60
1760784199156 0.86503 61
1760784206846 0.86503 62
1760784214639 0.86503 63
1760784222289 0.86503 64
1760784230738 0.9124 65
1760784239370 0.9124 66
1760784247814 0.9124 67
1760784255655 0.9124 68
1760784263817 0.89058 69
1760784271847 0.89058 70
1760784279578 0.89058 71
1760784287328 0.89058 72
1760784295538 0.89944 73
1760784303382 0.89944 74
1760784311597 0.89944 75
1760784319388 0.89944 76
1760784327559 0.87228 77
1760784335387 0.87228 78
1760784343015 0.87228 79
1760784345702 0.8730948585552145 79
