1760783710165 7.690000000000001e-06 0
1760783718455 2.2784508750000004e-05 1
1760783726550 3.74983625e-05 2
1760783734290 5.183156125000001e-05 3
1760783741934 6.5784105e-05 4
1760783749684 7.935599375e-05 5
1760783757539 9.25472275e-05 6
1760783765663 0.00010535780624999999 7
1760783773630 0.00011778773000000001 8
1760783782035 0.00012983699875 9
1760783790610 0.00014150561250000001 10
1760783798751 0.00015279357125000002 11
1760783806859 0.00016370087500000002 12
1760783814952 0.00017422752375000002 13
1760783823023 0.0001843735175 14
1760783831255 0.00019413885625 15
1760783840006 0.00020352354 16
1760783848308 0.00021252756875 17
1760783856173 0.0002211509425 18
1760783863924 0.00022939366124999998 19
1760783871663 0.000237255725 20
1760783879694 0.00024473713375000003 21
1760783887639 0.0002518378875 22
1760783895727 0.00025855798625000004 23
1760783903776 0.00026489743 24
1760783911669 0.0002708562187500001 25
1760783919453 0.0002764343525 26
1760783927443 0.00028163183125 27
1760783935243 0.00028644865499999995 28
1760783943256 0.00029088482374999995 29
1760783951740 0.00029494033750000005 30
1760783959605 0.00029861519625 31
1760783967597 0.0003019094 32
1760783975497 0.00030482294875 33
1760783983689 0.0003073558425 34
1760783991575 0.00030950808125 35
1760783999697 0.00031127966499999997 36
1760784007561 0.00031267059375000004 37
1760784015466 0.0003136808675 38
1760784023247 0.00031431048624999995 39
1760784031195 0.00031455945 40
1760784038999 0.00031442775875000005 41
1760784046734 0.00031391541250000004 42
1760784054532 0.0003130224112500001 43
1760784062532 0.000311748755 44
1760784070836 0.00031009444375 45
1760784078650 0.0003080594775 46
1760784086588 0.00030564385625 47
1760784094556 0.00030284758000000004 48
1760784102475 0.00029967064875 49
1760784110314 0.00029318125 50
1760784118177 0.00028366487500000007 51
1760784126105 0.0002741485 52
1760784134766 0.00026463212500000004 53
1760784142903 0.00025511575 54
1760784150736 0.000245599375 55
1760784158442 0.00023608300000000005 56
1760784166445 0.00022656662499999998 57
1760784174276 0.00021705025000000002 58
1760784182233 0.00020753387499999998 59
1760784190548 0.00019801750000000002 60
1760784198309 0.00018850112500000003 61
1760784206003 0.00017898475 62
1760784213818 0.00016946837500000003 63
1760784221515 0.000159952 64
1760784229829 0.000150435625 65
1760784238426 0.00014091925000000004 66
1760784246879 0.000131402875 67
1760784254773 0.00012188650000000003 68
1760784262978 0.00011237012499999998 69
1760784271000 0.00010285375000000001 70
1760784278753 9.333737500000004e-05 71
1760784286481 8.382099999999998e-05 72
1760784294705 7.430462500000002e-05 73
1760784302543 6.478824999999997e-05 74
1760784310719 5.5271875e-05 75
1760784318540 4.575550000000004e-05 76
1760784326615 3.6239124999999985e-05 77
1760784334518 2.672275000000002e-05 78
1760784342167 1.720637499999997e-05 79
