1760790235084 2.307e-05 0
1760790243478 5.3297083e-05 1
1760790250787 8.2915118e-05 2
1760790434733 7.690000000000001e-06 0
1760790444304 2.2917738000000003e-05 1
1760790452509 3.794246e-05 2
1760790460585 5.2764166000000006e-05 3
1760790468552 6.7382856e-05 4
1760790476634 8.179853e-05 5
1760790484559 9.6011188e-05 6
1760790492518 0.00011002083000000001 7
1760790500703 0.000123827456 8
1760790508684 0.00013743106599999999 9
1760790516609 0.00015083166000000003 10
1760790524449 0.00016402923800000002 11
1760790532303 0.00017702380000000003 12
1760790539977 0.00018981534600000002 13
1760790548006 0.000202403876 14
1760790555859 0.00021478939000000002 15
1760790563857 0.000226971888 16
1760790571812 0.00023895137000000004 17
1760790579825 0.00025072783600000003 18
1760790587685 0.000262301286 19
1760790596837 0.00027367172 20
1760790604997 0.000284839138 21
1760790613092 0.00029580354 22
1760790621223 0.00030656492600000004 23
1760790629406 0.00031712329600000006 24
1760790637394 0.00032747865000000003 25
1760790645531 0.000337630988 26
1760790653584 0.00034758031000000007 27
1760790661875 0.000357326616 28
1760790669951 0.00036686990600000004 29
1760790678294 0.00037621018 30
1760790686473 0.000385347438 31
1760790694830 0.00039428168 32
1760790703323 0.000403012906 33
1760790711530 0.000411541116 34
1760790719490 0.00041986631000000003 35
1760790727866 0.00042798848799999997 36
1760790736115 0.00043590765 37
1760790744313 0.000443623796 38
1760790752297 0.0004511369260000001 39
1760790760258 0.00045844704000000007 40
1760790768344 0.000465554138 41
1760790776482 0.00047245821999999997 42
1760790784800 0.0004791592860000001 43
1760790793018 0.0004856573360000001 44
1760790800954 0.00049195237 45
1760790809078 0.000498044388 46
1760790817286 0.00050393339 47
1760790825394 0.0005096193759999999 48
1760790833508 0.0005151023460000001 49
1760790841606 0.0005152300000000001 50
1760790849854 0.0005101546 51
1760790858074 0.0005050792 52
1760790866537 0.0005000038000000001 53
1760790874701 0.0004949284000000001 54
1760790882832 0.0004898530000000001 55
1760790891049 0.0004847776000000001 56
1760790899120 0.00047970220000000005 57
1760790907210 0.0004746268 58
1760790915288 0.00046955140000000005 59
1760790924934 0.000464476 60
1760790933596 0.0004594006 61
1760790943871 0.0004543252 62
1760790954114 0.0004492498000000001 63
1760790962868 0.00044417439999999995 64
1760790970742 0.000439099 65
1760790978838 0.00043402360000000006 66
1760790986966 0.0004289482 67
1760790994761 0.00042387280000000005 68
1760791002690 0.0004187974000000001 69
1760791010487 0.00041372200000000005 70
1760791018390 0.0004086466 71
1760791026484 0.00040357120000000004 72
1760791034602 0.0003984958 73
1760791043668 0.0003934204 74
1760791051431 0.000388345 75
1760791059212 0.0003832696 76
1760791067081 0.00037819420000000006 77
1760791074820 0.0003731188 78
1760791085107 0.0003680434000000001 79
1760791096132 0.000362968 80
1760791109906 0.0003578926 81
1760791120791 0.0003528172000000001 82
1760791129773 0.0003477418 83
1760791138610 0.00034266639999999996 84
1760791147731 0.00033759100000000004 85
1760791157656 0.00033251559999999996 86
1760791165915 0.0003274402000000001 87
1760791173916 0.0003223648 88
1760791181686 0.0003172894 89
1760791189779 0.00031221400000000006 90
1760791197491 0.0003071386 91
1760791205185 0.00030206320000000005 92
1760791212892 0.0002969878 93
1760791220724 0.0002919124 94
1760791228923 0.00028683700000000007 95
1760791236809 0.00028176160000000004 96
1760791244554 0.00027668620000000007 97
1760791253129 0.00027161080000000004 98
1760791261689 0.0002665354 99
1760791269526 0.00026146000000000003 100
1760791277645 0.0002563846 101
1760791285496 0.0002513092 102
1760791293370 0.00024623380000000005 103
1760791301072 0.0002411584 104
1760791309394 0.00023608300000000005 105
1760791317140 0.00023100760000000002 106
1760791325619 0.00022593219999999996 107
1760791333807 0.00022085680000000002 108
1760791342266 0.00021578140000000001 109
1760791353635 0.00021070600000000007 110
1760791362072 0.00020563060000000004 111
1760791370055 0.00020055519999999998 112
1760791377934 0.00019547980000000003 113
1760791386037 0.0001904044 114
1760791394168 0.00018532899999999997 115
1760791403221 0.00018025360000000003 116
1760791410667 0.0001751782 117
1760791418228 0.00017010280000000005 118
1760791426300 0.00016502740000000002 119
1760791434521 0.000159952 120
1760791442741 0.00015487660000000001 121
1760791451324 0.0001498012 122
1760791459893 0.00014472580000000006 123
1760791468807 0.0001396504 124
1760791477008 0.00013457499999999998 125
1760791485563 0.00012949960000000006 126
1760791493712 0.0001244242 127
1760791502590 0.00011934879999999997 128
1760791510908 0.00011427340000000001 129
1760791519028 0.000109198 130
1760791527050 0.00010412260000000005 131
1760791535186 9.90472e-05 132
1760791543289 9.397179999999996e-05 133
1760791551576 8.889640000000001e-05 134
1760791560063 8.382099999999998e-05 135
1760791568655 7.874560000000003e-05 136
1760791576969 7.36702e-05 137
1760791585391 6.859479999999998e-05 138
1760791594309 6.351940000000001e-05 139
1760791603480 5.844399999999999e-05 140
1760791617173 5.3368600000000037e-05 141
1760791627734 4.829320000000001e-05 142
1760791636686 4.321779999999998e-05 143
1760791644808 3.814240000000003e-05 144
1760791652602 3.3067e-05 145
1760791660370 2.7991599999999964e-05 146
1760791668560 2.2916200000000016e-05 147
1760791676712 1.7840799999999983e-05 148
1760791684755 1.2765400000000034e-05 149
