1760786110153 7.690000000000001e-06 0
1760786119667 2.2841607e-05 1
1760786134926 3.768869e-05 2
1760786152349 5.2231248999999996e-05 3
1760786162369 6.6469284e-05 4
1760786172130 8.040279500000002e-05 5
1760786181743 9.4031782e-05 6
1760786192854 0.00010735624499999999 7
1760786203048 0.00012037618400000001 8
1760786211536 0.000133091599 9
1760786220164 0.00014550249 10
1760786228990 0.00015760885700000002 11
1760786237584 0.00016941070000000001 12
1760786246436 0.00018090801899999997 13
1760786255670 0.00019210081399999998 14
1760786264465 0.00020298908500000003 15
1760786273304 0.00021357283200000002 16
1760786282192 0.000223852055 17
1760786291153 0.00023382675400000004 18
1760786300015 0.00024349692900000006 19
1760786308871 0.00025286258 20
1760786317365 0.000261923707 21
1760786325926 0.00027068031000000004 22
1760786334258 0.00027913238900000004 23
1760786342894 0.000287279944 24
1760786351846 0.000295122975 25
1760786360461 0.00030266148200000005 26
1760786368870 0.00030989546499999996 27
1760786377314 0.000316824924 28
1760786385799 0.000323449859 29
1760786394123 0.00032977027 30
1760786402423 0.00033578615700000005 31
1760786411322 0.00034149751999999994 32
1760786419585 0.00034690435899999996 33
1760786427987 0.00035200667399999994 34
1760786436323 0.000356804465 35
1760786444626 0.00036129773200000006 36
1760786453057 0.00036548647500000004 37
1760786461414 0.000369370694 38
1760786469852 0.000372950389 39
1760786478264 0.00037622556000000004 40
1760786486606 0.0003791962070000001 41
1760786494774 0.0003818623300000001 42
1760786503081 0.000384223929 43
1760786511421 0.000386281004 44
1760786519815 0.000388033555 45
1760786528395 0.00038948158200000007 46
1760786537118 0.0003906250850000001 47
1760786545962 0.0003914640640000001 48
1760786554681 0.00039199851900000005 49
1760786563539 0.000388345 50
1760786572358 0.0003807319 51
1760786580754 0.0003731188 52
1760786589358 0.00036550570000000004 53
1760786597717 0.0003578926 54
1760786606072 0.0003502795 55
1760786614397 0.00034266639999999996 56
1760786622815 0.0003350533 57
1760786631310 0.0003274402000000001 58
1760786639627 0.00031982710000000005 59
1760786649361 0.00031221400000000006 60
1760786658718 0.0003046009 61
1760786667243 0.0002969878 62
1760786675660 0.00028937470000000003 63
1760786684121 0.00028176160000000004 64
1760786692752 0.0002741485 65
1760786702463 0.0002665354 66
1760786711105 0.00025892229999999997 67
1760786719346 0.0002513092 68
1760786727811 0.00024369610000000007 69
1760786736677 0.00023608300000000005 70
1760786744972 0.00022846990000000003 71
1760786753139 0.00022085680000000002 72
1760786761604 0.00021324370000000005 73
1760786770025 0.00020563060000000004 74
1760786778402 0.00019801750000000002 75
1760786786805 0.0001904044 76
1760786795116 0.0001827913 77
1760786803965 0.0001751782 78
1760786812220 0.0001675651 79
1760786820601 0.000159952 80
1760786829059 0.00015233889999999997 81
1760786837492 0.00014472580000000006 82
1760786845777 0.00013711270000000005 83
1760786854200 0.00012949960000000006 84
1760786863274 0.00012188650000000003 85
1760786871751 0.00011427340000000001 86
1760786880102 0.00010666030000000002 87
1760786888832 9.90472e-05 88
1760786897579 9.143409999999999e-05 89
1760786906038 8.382099999999998e-05 90
1760786914344 7.620789999999998e-05 91
1760786922573 6.859479999999998e-05 92
1760786931091 6.098169999999996e-05 93
1760786939410 5.3368600000000037e-05 94
1760786947658 4.575550000000004e-05 95
1760786956001 3.814240000000003e-05 96
1760786964308 3.052930000000002e-05 97
1760786973693 2.2916200000000016e-05 98
1760786982688 1.5303100000000006e-05 99
