1760783710165 1.52775 0
1760783718455 1.56169 1
1760783726550 1.36918 2
1760783734290 1.58411 3
1760783741934 1.33594 4
1760783749684 1.30288 5
1760783757539 1.27172 6
1760783765663 1.14526 7
1760783773630 1.15532 8
1760783782035 1.04364 9
1760783790610 1.20569 10
1760783798751 1.15316 11
1760783806859 1.16181 12
1760783814952 1.13275 13
1760783823023 0.96396 14
1760783831255 1.08655 15
1760783840006 1.07132 16
1760783848308 1.00218 17
1760783856173 0.94618 18
1760783863924 1.055 19
1760783871663 1.06447 20
1760783879694 1.11834 21
1760783887639 1.15211 22
1760783895727 1.02506 23
1760783903776 1.08073 24
1760783911669 0.90554 25
1760783919453 0.93569 26
1760783927443 1.12463 27
1760783935243 1.18977 28
1760783943256 1.04895 29
1760783951740 1.07818 30
1760783959605 1.00725 31
1760783967597 0.96426 32
1760783975497 0.9729 33
1760783983689 1.14322 34
1760783991575 0.94906 35
1760783999697 0.93682 36
1760784007561 0.93174 37
1760784015466 0.97501 38
1760784023247 1.19395 39
1760784031195 0.94103 40
1760784038999 0.90923 41
1760784046734 0.75283 42
1760784054532 0.83226 43
1760784062532 0.9983 44
1760784070836 1.02237 45
1760784078650 0.89058 46
1760784086588 0.97151 47
1760784094556 0.94903 48
1760784102475 1.02491 49
1760784110314 1.01422 50
1760784118177 0.89724 51
1760784126105 0.92949 52
1760784134766 0.85978 53
1760784142903 0.82518 54
1760784150736 0.86953 55
1760784158442 0.8556 56
1760784166445 0.86568 57
1760784174276 0.80974 58
1760784182233 0.94771 59
1760784190548 0.88896 60
1760784198309 0.81141 61
1760784206003 0.91122 62
1760784213818 0.85957 63
1760784221515 0.91163 64
1760784229829 0.78627 65
1760784238426 0.80237 66
1760784246879 0.75111 67
1760784254773 0.77447 68
1760784262978 0.80205 69
1760784271000 0.78868 70
1760784278753 0.71518 71
1760784286481 0.81895 72
1760784294705 0.81692 73
1760784302543 0.73214 74
1760784310719 0.73958 75
1760784318540 0.8496 76
1760784326615 0.75705 77
1760784334518 0.85944 78
1760784342167 0.8236 79
