1760783710165 4.36618 0
1760783718455 4.62119 1
1760783726550 4.53996 2
1760783734290 4.49062 3
1760783741934 4.46039 4
1760783749684 4.36675 5
1760783757539 4.25268 6
1760783765663 4.15719 7
1760783773630 4.0473 8
1760783782035 3.85226 9
1760783790610 3.82638 10
1760783798751 3.67503 11
1760783806859 3.46499 12
1760783814952 3.58005 13
1760783823023 3.23646 14
1760783831255 3.33499 15
1760783840006 3.33889 16
1760783848308 3.04359 17
1760783856173 2.71929 18
1760783863924 2.77123 19
1760783871663 2.84344 20
1760783879694 2.73399 21
1760783887639 2.66974 22
1760783895727 2.47047 23
1760783903776 2.46083 24
1760783911669 2.07176 25
1760783919453 2.31017 26
1760783927443 2.54301 27
1760783935243 2.59569 28
1760783943256 2.33021 29
1760783951740 2.16338 30
1760783959605 2.04404 31
1760783967597 2.09401 32
1760783975497 1.99163 33
1760783983689 2.11661 34
1760783991575 1.7361 35
1760783999697 1.8582 36
1760784007561 2.05751 37
1760784015466 1.84564 38
1760784023247 2.30643 39
1760784031195 1.72687 40
1760784038999 1.71058 41
1760784046734 1.44211 42
1760784054532 1.64912 43
1760784062532 1.80513 44
1760784070836 1.90366 45
1760784078650 1.6545 46
1760784086588 1.79711 47
1760784094556 1.70607 48
1760784102475 1.71535 49
1760784110314 1.60676 50
1760784118177 1.607 51
1760784126105 1.63475 52
1760784134766 1.35027 53
1760784142903 1.47018 54
1760784150736 1.62085 55
1760784158442 1.54556 56
1760784166445 1.38305 57
1760784174276 1.42583 58
1760784182233 1.47961 59
1760784190548 1.54378 60
1760784198309 1.63069 61
1760784206003 1.46044 62
1760784213818 1.43275 63
1760784221515 1.5193 64
1760784229829 1.33143 65
1760784238426 1.3683 66
1760784246879 1.35784 67
1760784254773 1.30666 68
1760784262978 1.42728 69
1760784271000 1.46807 70
1760784278753 1.33582 71
1760784286481 1.45087 72
1760784294705 1.46606 73
1760784302543 1.43721 74
1760784310719 1.30456 75
1760784318540 1.58765 76
1760784326615 1.39746 77
1760784334518 1.54616 78
1760784342167 1.51181 79
