1760783710165 1.25079 0
1760783718455 1.31186 1
1760783726550 1.16815 2
1760783734290 1.29199 3
1760783741934 1.15355 4
1760783749684 1.15034 5
1760783757539 1.15101 6
1760783765663 1.05764 7
1760783773630 1.04982 8
1760783782035 1.01077 9
1760783790610 1.01795 10
1760783798751 1.00116 11
1760783806859 0.99528 12
1760783814952 0.97922 13
1760783823023 0.94814 14
1760783831255 0.93897 15
1760783840006 0.96661 16
1760783848308 0.91778 17
1760783856173 0.92082 18
1760783863924 0.9734 19
1760783871663 0.98365 20
1760783879694 0.99173 21
1760783887639 0.95236 22
1760783895727 0.95666 23
1760783903776 0.9478 24
1760783911669 0.91161 25
1760783919453 0.91199 26
1760783927443 0.95178 27
1760783935243 1.02457 28
1760783943256 0.97918 29
1760783951740 0.97355 30
1760783959605 0.95026 31
1760783967597 0.95506 32
1760783975497 0.94773 33
1760783983689 0.99557 34
1760783991575 0.91028 35
1760783999697 0.92594 36
1760784007561 0.90451 37
1760784015466 0.94198 38
1760784023247 1.02725 39
1760784031195 0.92873 40
1760784038999 0.92985 41
1760784046734 0.92561 42
1760784054532 0.94242 43
1760784062532 0.91519 44
1760784070836 0.94354 45
1760784078650 0.9006 46
1760784086588 0.89939 47
1760784094556 0.90379 48
1760784102475 0.87176 49
1760784110314 0.95655 50
1760784118177 0.92658 51
1760784126105 0.91509 52
1760784134766 0.89072 53
1760784142903 0.9247 54
1760784150736 0.89224 55
1760784158442 0.91486 56
1760784166445 0.90407 57
1760784174276 0.88727 58
1760784182233 0.94838 59
1760784190548 0.9375 60
1760784198309 0.93589 61
1760784206003 0.88442 62
1760784213818 0.90108 63
1760784221515 0.92439 64
1760784229829 0.90897 65
1760784238426 0.90457 66
1760784246879 0.86632 67
1760784254773 0.8791 68
1760784262978 0.87358 69
1760784271000 0.8465 70
1760784278753 0.88879 71
1760784286481 0.88227 72
1760784294705 0.89079 73
1760784302543 0.88448 74
1760784310719 0.87174 75
1760784318540 0.88818 76
1760784326615 0.90007 77
1760784334518 0.86685 78
1760784342167 0.85941 79
