1760786110153 1.65542 0
1760786119667 1.5486 1
1760786134926 1.45678 2
1760786152349 1.38698 3
1760786162369 1.66055 4
1760786172130 1.55778 5
1760786181743 1.16109 6
1760786192854 1.53996 7
1760786203048 1.26516 8
1760786211536 1.06305 9
1760786220164 1.1784 10
1760786228990 1.19625 11
1760786237584 1.58744 12
1760786246436 1.20875 13
1760786255670 1.10367 14
1760786264465 1.24882 15
1760786273304 1.29284 16
1760786282192 1.11601 17
1760786291153 1.31278 18
1760786300015 1.24592 19
1760786308871 1.04891 20
1760786317365 1.05077 21
1760786325926 1.43698 22
1760786334258 1.07836 23
1760786342894 1.08339 24
1760786351846 0.9258 25
1760786360461 1.29863 26
1760786368870 1.22686 27
1760786377314 1.21175 28
1760786385799 1.3216 29
1760786394123 1.08687 30
1760786402423 1.1831 31
1760786411322 1.24653 32
1760786419585 0.95538 33
1760786427987 1.4099 34
1760786436323 1.34971 35
1760786444626 1.0189 36
1760786453057 1.09946 37
1760786461414 1.02233 38
1760786469852 0.96931 39
1760786478264 1.19939 40
1760786486606 1.08454 41
1760786494774 0.98732 42
1760786503081 0.86329 43
1760786511421 1.13271 44
1760786519815 1.16681 45
1760786528395 0.87939 46
1760786537118 1.17915 47
1760786545962 1.207 48
1760786554681 1.28038 49
1760786563539 1.01542 50
1760786572358 1.12741 51
1760786580754 1.05342 52
1760786589358 1.26436 53
1760786597717 0.90025 54
1760786606072 0.98508 55
1760786614397 1.04163 56
1760786622815 0.96431 57
1760786631310 0.99431 58
1760786639627 0.94861 59
1760786649361 1.02167 60
1760786658718 1.06633 61
1760786667243 1.10422 62
1760786675660 0.97142 63
1760786684121 0.94858 64
1760786692752 1.02565 65
1760786702463 0.77347 66
1760786711105 1.23051 67
1760786719346 0.86984 68
1760786727811 0.99712 69
1760786736677 0.863 70
1760786744972 0.80214 71
1760786753139 0.74738 72
1760786761604 0.74409 73
1760786770025 0.95717 74
1760786778402 0.82958 75
1760786786805 0.88856 76
1760786795116 0.80812 77
1760786803965 1.08222 78
1760786812220 1.00187 79
1760786820601 0.83661 80
1760786829059 0.95953 81
1760786837492 0.92946 82
1760786845777 0.8373 83
1760786854200 0.86102 84
1760786863274 0.72128 85
1760786871751 0.94909 86
1760786880102 0.89689 87
1760786888832 1.02894 88
1760786897579 0.93157 89
1760786906038 0.95028 90
1760786914344 0.67399 91
1760786922573 0.73085 92
1760786931091 0.92472 93
1760786939410 0.82805 94
1760786947658 0.81721 95
1760786956001 0.7675 96
1760786964308 0.79568 97
1760786973693 0.91884 98
1760786982688 0.92348 99
