1760786110153 4.70408 0
1760786119667 4.48652 1
1760786134926 4.52088 2
1760786152349 4.38615 3
1760786162369 4.59793 4
1760786172130 4.5549 5
1760786181743 4.14015 6
1760786192854 4.27917 7
1760786203048 4.09088 8
1760786211536 3.77047 9
1760786220164 3.79838 10
1760786228990 3.7146 11
1760786237584 3.92774 12
1760786246436 3.57174 13
1760786255670 3.19263 14
1760786264465 3.44064 15
1760786273304 3.43448 16
1760786282192 2.82686 17
1760786291153 3.15729 18
1760786300015 3.0641 19
1760786308871 2.86991 20
1760786317365 2.73298 21
1760786325926 3.10067 22
1760786334258 2.57998 23
1760786342894 2.47079 24
1760786351846 2.09108 25
1760786360461 2.71416 26
1760786368870 2.64125 27
1760786377314 2.43499 28
1760786385799 2.86125 29
1760786394123 2.25087 30
1760786402423 2.26623 31
1760786411322 2.15295 32
1760786419585 2.16329 33
1760786427987 2.51074 34
1760786436323 2.38693 35
1760786444626 2.07314 36
1760786453057 2.29232 37
1760786461414 2.01539 38
1760786469852 1.81432 39
1760786478264 2.06548 40
1760786486606 2.05497 41
1760786494774 1.63242 42
1760786503081 1.63535 43
1760786511421 1.86427 44
1760786519815 1.92472 45
1760786528395 1.72354 46
1760786537118 2.12745 47
1760786545962 2.04686 48
1760786554681 1.92693 49
1760786563539 1.56573 50
1760786572358 1.76398 51
1760786580754 1.80803 52
1760786589358 1.84918 53
1760786597717 1.52244 54
1760786606072 1.70156 55
1760786614397 1.70309 56
1760786622815 1.56483 57
1760786631310 1.52647 58
1760786639627 1.66725 59
1760786649361 1.68433 60
1760786658718 1.88221 61
1760786667243 1.57811 62
1760786675660 1.62055 63
1760786684121 1.6082 64
1760786692752 1.60296 65
1760786702463 1.38383 66
1760786711105 1.86809 67
1760786719346 1.3686 68
1760786727811 1.60673 69
1760786736677 1.39987 70
1760786744972 1.4877 71
1760786753139 1.15305 72
1760786761604 1.35029 73
1760786770025 1.54664 74
1760786778402 1.3361 75
1760786786805 1.39169 76
1760786795116 1.28079 77
1760786803965 1.55702 78
1760786812220 1.51313 79
1760786820601 1.31595 80
1760786829059 1.30953 81
1760786837492 1.41536 82
1760786845777 1.27374 83
1760786854200 1.27108 84
1760786863274 1.13221 85
1760786871751 1.29335 86
1760786880102 1.40971 87
1760786888832 1.53374 88
1760786897579 1.31133 89
1760786906038 1.79338 90
1760786914344 1.27484 91
1760786922573 1.30683 92
1760786931091 1.57234 93
1760786939410 1.28151 94
1760786947658 1.44545 95
1760786956001 1.37259 96
1760786964308 1.33398 97
1760786973693 1.57437 98
1760786982688 1.57988 99
