1760786110153 1.2407 0
1760786119667 1.30272 1
1760786134926 1.22466 2
1760786152349 1.16451 3
1760786162369 1.19096 4
1760786172130 1.17345 5
1760786181743 1.12913 6
1760786192854 1.11628 7
1760786203048 1.04127 8
1760786211536 1.00747 9
1760786220164 1.01006 10
1760786228990 0.97708 11
1760786237584 1.05209 12
1760786246436 0.97596 13
1760786255670 1.012 14
1760786264465 0.98989 15
1760786273304 0.96803 16
1760786282192 0.95195 17
1760786291153 1.00744 18
1760786300015 1.00819 19
1760786308871 0.98875 20
1760786317365 0.91885 21
1760786325926 0.94834 22
1760786334258 0.95381 23
1760786342894 0.92634 24
1760786351846 0.93473 25
1760786360461 0.96 26
1760786368870 0.96063 27
1760786377314 0.95587 28
1760786385799 1.0467 29
1760786394123 0.93988 30
1760786402423 0.96462 31
1760786411322 0.98833 32
1760786419585 0.88969 33
1760786427987 0.97305 34
1760786436323 0.967 35
1760786444626 0.97164 36
1760786453057 0.9016 37
1760786461414 0.90706 38
1760786469852 0.94745 39
1760786478264 0.95946 40
1760786486606 0.93897 41
1760786494774 0.96164 42
1760786503081 0.9376 43
1760786511421 0.90241 44
1760786519815 0.91219 45
1760786528395 0.89601 46
1760786537118 0.9336 47
1760786545962 0.90805 48
1760786554681 0.90795 49
1760786563539 0.90957 50
1760786572358 0.91307 51
1760786580754 0.92677 52
1760786589358 0.89505 53
1760786597717 0.95492 54
1760786606072 0.92116 55
1760786614397 0.86771 56
1760786622815 0.92332 57
1760786631310 0.88489 58
1760786639627 0.93222 59
1760786649361 0.91741 60
1760786658718 0.94468 61
1760786667243 0.91892 62
1760786675660 0.89613 63
1760786684121 0.90903 64
1760786692752 0.90304 65
1760786702463 0.87253 66
1760786711105 0.90846 67
1760786719346 0.88438 68
1760786727811 0.88881 69
1760786736677 0.88496 70
1760786744972 0.91993 71
1760786753139 0.89934 72
1760786761604 0.8808 73
1760786770025 0.90226 74
1760786778402 0.89096 75
1760786786805 0.90015 76
1760786795116 0.87443 77
1760786803965 0.8939 78
1760786812220 0.90555 79
1760786820601 0.87725 80
1760786829059 0.87737 81
1760786837492 0.87515 82
1760786845777 0.89294 83
1760786854200 0.90267 84
1760786863274 0.86681 85
1760786871751 0.87386 86
1760786880102 0.8744 87
1760786888832 0.90685 88
1760786897579 0.87657 89
1760786906038 0.92497 90
1760786914344 0.90591 91
1760786922573 0.87373 92
1760786931091 0.87533 93
1760786939410 0.85704 94
1760786947658 0.90435 95
1760786956001 0.89716 96
1760786964308 0.89299 97
1760786973693 0.9108 98
1760786982688 0.89213 99
